1234567890;1.0;100.0;EXPRESS;1;1
1234567890;1.0;100.0;EXPRESS;1;1
1234567890;1.0;100.0;EXPRESS;1;1
1234567890;2.0;100.0;EXPRESS;2;2
1234567890;2.0;100.0;EXPRESS;2;2
1234567890;2.0;100.0;EXPRESS;2;2
1234567890;2.0;100.0;EXPRESS;2;2
1234567890;2.0;100.0;EXPRESS;2;2
1234567890;2.0;100.0;EXPRESS;2;2
1234567890;2.0;100.0;EXPRESS;2;2
1234567890;2.0;100.0;EXPRESS;2;2
1234567890;1.0;100.0;EXPRESS;11;1
1234567890;1.0;100.0;EXPRESS;1;1
1234567890;1.0;100.0;EXPRESS;1;1
1234567890;1.0;100.0;EXPRESS;1;1
1234567890;1.0;100.0;EXPRESS;1;1
1234567890;1.0;100.0;EXPRESS;1;1
1234567890;1.0;100.0;EXPRESS;1;11
1234567890;1.0;100.0;EXPRESS;1;1
1234567890;1.0;100.0;EXPRESS;1;1
1234567890;555.0;100.0;EXPRESS;555;2
1234567890;555.0;100.0;EXPRESS;555;2
1234567890;6.0;100.0;EXPRESS;6;6
1234567890;121212.0;100.0;EXPRESS;212121;12332
